21267472.262 129225
129600.0
1383.0
0.00963819015305
5153.62374496
2.73843067938
0.974034050279
2.66223304346
-1.78927512368
3.83337396113e-009
-7.68603443990e-009
1.67864135072e-011
-7.13393092155e-006 9.02265310287e-006
214.21875 -135.6875
-1.86264514923e-007 -5.21540641785e-008
21277632.227 14136001.009 6380947.343 13667726.877
2624628.197 -7530688.663 22063437.865 9545209.321
15798292.012 21144548.488 13292356.357 21346910.550
21267472.262 21406610.202 22193724.917 20826905.858
-7.19673630017e-005 8.63327302812e-005 7.60678518091e-005 5.73110823339e-005
